1;2
4;3
9;4
13;5
19;6
25;7
31;8
36;9
43;10
50;11
57;12
64;13
71;14
78;15
85;16
91;17
99;18
107;19
115;20
123;21
131;22
139;23
147;24
155;25
163;26
171;27
179;28
187;29
195;30
203;31
211;32
218;33
227;34
236;35
245;36
254;37
263;38
272;39
281;40
290;41
299;42
308;43
317;44
326;45
335;46
344;47
353;48
362;49
371;50
380;51
389;52
398;53
407;54
416;55
425;56
434;57
443;58
452;59
461;60
470;61
479;62
488;63
497;64
505;65
515;66
525;67
535;68
545;69
555;70
565;71
575;72
585;73
595;74
605;75
615;76
625;77
635;78
645;79
655;80
665;81
675;82
685;83
695;84
705;85
715;86
725;87
735;88
745;89
755;90
765;91
775;92
785;93
795;94
805;95
815;96
825;97
835;98
845;99
855;100
865;101
875;102
885;103
895;104
905;105
915;106
925;107
935;108
945;109
955;110
965;111
975;112
985;113
995;114
1005;115
1015;116
1025;117
1035;118
1045;119
1055;120
1065;121
1075;122
1085;123
1095;124
1105;125
1115;126
1125;127
1135;128
1144;129
1155;130
1166;131
1177;132
1188;133
1199;134
1210;135
1221;136
1232;137
1243;138
1254;139
1265;140
1276;141
1287;142
1298;143
1309;144
1320;145
1331;146
1342;147
1353;148
1364;149
1375;150
1386;151
1397;152
1408;153
1419;154
1430;155
1441;156
1452;157
1463;158
1474;159
1485;160
1496;161
1507;162
1518;163
1529;164
1540;165
1551;166
1562;167
1573;168
1584;169
1595;170
1606;171
1617;172
1628;173
1639;174
1650;175
1661;176
1672;177
1683;178
1694;179
1705;180
1716;181
1727;182
1738;183
1749;184
1760;185
1771;186
1782;187
1793;188
1804;189
1815;190
1826;191
1837;192
1848;193
1859;194
1870;195
1881;196
1892;197
1903;198
1914;199
1925;200
1936;201
1947;202
1958;203
1969;204
1980;205
1991;206
2002;207
2013;208
2024;209
2035;210
2046;211
2057;212
2068;213
2079;214
2090;215
2101;216
2112;217
2123;218
2134;219
2145;220
2156;221
2167;222
2178;223
2189;224
2200;225
2211;226
2222;227
2233;228
2244;229
2255;230
2266;231
2277;232
2288;233
2299;234
2310;235
2321;236
2332;237
2343;238
2354;239
2365;240
2376;241
2387;242
2398;243
2409;244
2420;245
2431;246
2442;247
2453;248
2464;249
2475;250
2486;251
2497;252
2508;253
2519;254
2530;255
2541;256
2551;257
2563;258
2575;259
2587;260
2599;261
2611;262
2623;263
2635;264
2647;265
2659;266
2671;267
2683;268
2695;269
2707;270
2719;271
2731;272
2743;273
2755;274
2767;275
2779;276
2791;277
2803;278
2815;279
2827;280
2839;281
2851;282
2863;283
2875;284
2887;285
2899;286
2911;287
2923;288
2935;289
2947;290
2959;291
2971;292
2983;293
2995;294
3007;295
3019;296
3031;297
3043;298
3055;299
3067;300
3079;301
3091;302
3103;303
3115;304
3127;305
3139;306
3151;307
3163;308
3175;309
3187;310
3199;311
3211;312
3223;313
3235;314
3247;315
3259;316
3271;317
3283;318
3295;319
3307;320
3319;321
3331;322
3343;323
3355;324
3367;325
3379;326
3391;327
3403;328
3415;329
3427;330
3439;331
3451;332
3463;333
3475;334
3487;335
3499;336
3511;337
3523;338
3535;339
3547;340
3559;341
3571;342
3583;343
3595;344
3607;345
3619;346
3631;347
3643;348
3655;349
3667;350
3679;351
3691;352
3703;353
3715;354
3727;355
3739;356
3751;357
3763;358
3775;359
3787;360
3799;361
3811;362
3823;363
3835;364
3847;365
3859;366
3871;367
3883;368
3895;369
3907;370
3919;371
3931;372
3943;373
3955;374
3967;375
3979;376
3991;377
4003;378
4015;379
4027;380
4039;381
4051;382
4063;383
4075;384
4087;385
4099;386
4111;387
4123;388
4135;389
4147;390
4159;391
4171;392
4183;393
4195;394
4207;395
4219;396
4231;397
4243;398
4255;399
4267;400
4279;401
4291;402
4303;403
4315;404
4327;405
4339;406
4351;407
4363;408
4375;409
4387;410
4399;411
4411;412
4423;413
4435;414
4447;415
4459;416
4471;417
4483;418
4495;419
4507;420
4519;421
4531;422
4543;423
4555;424
4567;425
4579;426
4591;427
4603;428
4615;429
4627;430
4639;431
4651;432
4663;433
4675;434
4687;435
4699;436
4711;437
4723;438
4735;439
4747;440
4759;441
4771;442
4783;443
4795;444
4807;445
4819;446
4831;447
4843;448
4855;449
4867;450
4879;451
4891;452
4903;453
4915;454
4927;455
4939;456
4951;457
4963;458
4975;459
4987;460
4999;461
5011;462
5023;463
5035;464
5047;465
5059;466
5071;467
5083;468
5095;469
5107;470
5119;471
5131;472
5143;473
5155;474
5167;475
5179;476
5191;477
5203;478
5215;479
5227;480
5239;481
5251;482
5263;483
5275;484
5287;485
5299;486
5311;487
5323;488
5335;489
5347;490
5359;491
5371;492
5383;493
5395;494
5407;495
5419;496
5431;497
5443;498
5455;499
5467;500
5479;501
5491;502
5503;503
5515;504
5527;505
5539;506
5551;507
5563;508
5575;509
5587;510
5599;511
5611;512
5622;513
5635;514
5648;515
5661;516
5674;517
5687;518
5700;519
5713;520
5726;521
5739;522
5752;523
5765;524
5778;525
5791;526
5804;527
5817;528
5830;529
5843;530
5856;531
5869;532
5882;533
5895;534
5908;535
5921;536
5934;537
5947;538
5960;539
5973;540
5986;541
5999;542
6012;543
6025;544
6038;545
6051;546
6064;547
6077;548
6090;549
6103;550
6116;551
6129;552
6142;553
6155;554
6168;555
6181;556
6194;557
6207;558
6220;559
6233;560
6246;561
6259;562
6272;563
6285;564
6298;565
6311;566
6324;567
6337;568
6350;569
6363;570
6376;571
6389;572
6402;573
6415;574
6428;575
6441;576
6454;577
6467;578
6480;579
6493;580
6506;581
6519;582
6532;583
6545;584
6558;585
6571;586
6584;587
6597;588
6610;589
6623;590
6636;591
6649;592
6662;593
6675;594
6688;595
6701;596
6714;597
6727;598
6740;599
6753;600
6766;601
6779;602
6792;603
6805;604
6818;605
6831;606
6844;607
6857;608
6870;609
6883;610
6896;611
6909;612
6922;613
6935;614
6948;615
6961;616
6974;617
6987;618
7000;619
7013;620
7026;621
7039;622
7052;623
7065;624
7078;625
7091;626
7104;627
7117;628
7130;629
7143;630
7156;631
7169;632
7182;633
7195;634
7208;635
7221;636
7234;637
7247;638
7260;639
7273;640
7286;641
7299;642
7312;643
7325;644
7338;645
7351;646
7364;647
7377;648
7390;649
7403;650
7416;651
7429;652
7442;653
7455;654
7468;655
7481;656
7494;657
7507;658
7520;659
7533;660
7546;661
7559;662
7572;663
7585;664
7598;665
7611;666
7624;667
7637;668
7650;669
7663;670
7676;671
7689;672
7702;673
7715;674
7728;675
7741;676
7754;677
7767;678
7780;679
7793;680
7806;681
7819;682
7832;683
7845;684
7858;685
7871;686
7884;687
7897;688
7910;689
7923;690
7936;691
7949;692
7962;693
7975;694
7988;695
8001;696
8014;697
8027;698
8040;699
8053;700
8066;701
8079;702
8092;703
8105;704
8118;705
8131;706
8144;707
8157;708
8170;709
8183;710
8196;711
8209;712
8222;713
8235;714
8248;715
8261;716
8274;717
8287;718
8300;719
8313;720
8326;721
8339;722
8352;723
8365;724
8378;725
8391;726
8404;727
8417;728
8430;729
8443;730
8456;731
8469;732
8482;733
8495;734
8508;735
8521;736
8534;737
8547;738
8560;739
8573;740
8586;741
8599;742
8612;743
8625;744
8638;745
8651;746
8664;747
8677;748
8690;749
8703;750
8716;751
8729;752
8742;753
8755;754
8768;755
8781;756
8794;757
8807;758
8820;759
8833;760
8846;761
8859;762
8872;763
8885;764
8898;765
8911;766
8924;767
8937;768
8950;769
8963;770
8976;771
8989;772
9002;773
9015;774
9028;775
9041;776
9054;777
9067;778
9080;779
9093;780
9106;781
9119;782
9132;783
9145;784
9158;785
9171;786
9184;787
9197;788
9210;789
9223;790
9236;791
9249;792
9262;793
9275;794
9288;795
9301;796
9314;797
9327;798
9340;799
9353;800
9366;801
9379;802
9392;803
9405;804
9418;805
9431;806
9444;807
9457;808
9470;809
9483;810
9496;811
9509;812
9522;813
9535;814
9548;815
9561;816
9574;817
9587;818
9600;819
9613;820
9626;821
9639;822
9652;823
9665;824
9678;825
9691;826
9704;827
9717;828
9730;829
9743;830
9756;831
9769;832
9782;833
9795;834
9808;835
9821;836
9834;837
9847;838
9860;839
9873;840
9886;841
9899;842
9912;843
9925;844
9938;845
9951;846
9964;847
9977;848
9990;849
10003;850
10016;851
10029;852
10042;853
10055;854
10068;855
10081;856
10094;857
10107;858
10120;859
10133;860
10146;861
10159;862
10172;863
10185;864
10198;865
10211;866
10224;867
10237;868
10250;869
10263;870
10276;871
10289;872
10302;873
10315;874
10328;875
10341;876
10354;877
10367;878
10380;879
10393;880
10406;881
10419;882
10432;883
10445;884
10458;885
10471;886
10484;887
10497;888
10510;889
10523;890
10536;891
10549;892
10562;893
10575;894
10588;895
10601;896
10614;897
10627;898
10640;899
10653;900
10666;901
10679;902
10692;903
10705;904
10718;905
10731;906
10744;907
10757;908
10770;909
10783;910
10796;911
10809;912
10822;913
10835;914
10848;915
10861;916
10874;917
10887;918
10900;919
10913;920
10926;921
10939;922
10952;923
10965;924
10978;925
10991;926
11004;927
11017;928
11030;929
11043;930
11056;931
11069;932
11082;933
11095;934
11108;935
11121;936
11134;937
11147;938
11160;939
11173;940
11186;941
11199;942
11212;943
11225;944
11238;945
11251;946
11264;947
11277;948
11290;949
11303;950
11316;951
11329;952
11342;953
11355;954
11368;955
11381;956
11394;957
11407;958
11420;959
11433;960
11446;961
11459;962
11472;963
11485;964
11498;965
11511;966
11524;967
11537;968
11550;969
11563;970
11576;971
11589;972
11602;973
11615;974
11628;975
11641;976
11654;977
11667;978
11680;979
11693;980
11706;981
11719;982
11732;983
11745;984
11758;985
11771;986
11784;987
11797;988
11810;989
11823;990
11836;991
11849;992
11862;993
11875;994
11888;995
11901;996
11914;997
11927;998
11940;999
11953;1000
