2;2
4;3
8;4
11;5
15;6
18;7
22;8
27;9
31;10
35;11
39;12
44;13
48;14
52;15
56;16
61;17
65;18
71;19
75;20
80;21
84;22
89;23
93;24
98;25
102;26
108;27
112;28
117;29
121;30
126;31
130;32
135;33
139;34
145;35
149;36
154;37
158;38
165;39
169;40
174;41
178;42
184;43
188;44
193;45
197;46
203;47
207;48
212;49
216;50
222;51
226;52
231;53
235;54
242;55
246;56
251;57
255;58
261;59
265;60
270;61
274;62
280;63
284;64
289;65
293;66
299;67
303;68
308;69
312;70
319;71
323;72
328;73
332;74
338;75
342;76
347;77
351;78
359;79
363;80
368;81
372;82
378;83
382;84
387;85
391;86
398;87
402;88
407;89
411;90
417;91
421;92
426;93
430;94
437;95
441;96
446;97
450;98
456;99
460;100
465;101
469;102
476;103
480;104
485;105
489;106
495;107
499;108
504;109
508;110
516;111
520;112
525;113
529;114
535;115
539;116
544;117
548;118
555;119
559;120
564;121
568;122
574;123
578;124
583;125
587;126
594;127
598;128
603;129
607;130
613;131
617;132
622;133
626;134
633;135
637;136
642;137
646;138
652;139
656;140
661;141
665;142
673;143
677;144
682;145
686;146
692;147
696;148
701;149
705;150
712;151
716;152
721;153
725;154
731;155
735;156
740;157
744;158
753;159
757;160
762;161
766;162
772;163
776;164
781;165
785;166
792;167
796;168
801;169
805;170
811;171
815;172
820;173
824;174
832;175
836;176
841;177
845;178
851;179
855;180
860;181
864;182
871;183
875;184
880;185
884;186
890;187
894;188
899;189
903;190
911;191
915;192
920;193
924;194
930;195
934;196
939;197
943;198
950;199
954;200
959;201
963;202
969;203
973;204
978;205
982;206
990;207
994;208
999;209
1003;210
1009;211
1013;212
1018;213
1022;214
1029;215
1033;216
1038;217
1042;218
1048;219
1052;220
1057;221
1061;222
1070;223
1074;224
1079;225
1083;226
1089;227
1093;228
1098;229
1102;230
1109;231
1113;232
1118;233
1122;234
1128;235
1132;236
1137;237
1141;238
1149;239
1153;240
1158;241
1162;242
1168;243
1172;244
1177;245
1181;246
1188;247
1192;248
1197;249
1201;250
1207;251
1211;252
1216;253
1220;254
1228;255
1232;256
1237;257
1241;258
1247;259
1251;260
1256;261
1260;262
1267;263
1271;264
1276;265
1280;266
1286;267
1290;268
1295;269
1299;270
1307;271
1311;272
1316;273
1320;274
1326;275
1330;276
1335;277
1339;278
1346;279
1350;280
1355;281
1359;282
1365;283
1369;284
1374;285
1378;286
1387;287
1391;288
1396;289
1400;290
1406;291
1410;292
1415;293
1419;294
1426;295
1430;296
1435;297
1439;298
1445;299
1449;300
1454;301
1458;302
1466;303
1470;304
1475;305
1479;306
1485;307
1489;308
1494;309
1498;310
1505;311
1509;312
1514;313
1518;314
1524;315
1528;316
1533;317
1537;318
1547;319
1551;320
1556;321
1560;322
1566;323
1570;324
1575;325
1579;326
1586;327
1590;328
1595;329
1599;330
1605;331
1609;332
1614;333
1618;334
1626;335
1630;336
1635;337
1639;338
1645;339
1649;340
1654;341
1658;342
1665;343
1669;344
1674;345
1678;346
1684;347
1688;348
1693;349
1697;350
1706;351
1710;352
1715;353
1719;354
1725;355
1729;356
1734;357
1738;358
1745;359
1749;360
1754;361
1758;362
1764;363
1768;364
1773;365
1777;366
1785;367
1789;368
1794;369
1798;370
1804;371
1808;372
1813;373
1817;374
1824;375
1828;376
1833;377
1837;378
1843;379
1847;380
1852;381
1856;382
1865;383
1869;384
1874;385
1878;386
1884;387
1888;388
1893;389
1897;390
1904;391
1908;392
1913;393
1917;394
1923;395
1927;396
1932;397
1936;398
1944;399
1948;400
1953;401
1957;402
1963;403
1967;404
1972;405
1976;406
1983;407
1987;408
1992;409
1996;410
2002;411
2006;412
2011;413
2015;414
2024;415
2028;416
2033;417
2037;418
2043;419
2047;420
2052;421
2056;422
2063;423
2067;424
2072;425
2076;426
2082;427
2086;428
2091;429
2095;430
2103;431
2107;432
2112;433
2116;434
2122;435
2126;436
2131;437
2135;438
2142;439
2146;440
2151;441
2155;442
2161;443
2165;444
2170;445
2174;446
2184;447
2188;448
2193;449
2197;450
2203;451
2207;452
2212;453
2216;454
2223;455
2227;456
2232;457
2236;458
2242;459
2246;460
2251;461
2255;462
2263;463
2267;464
2272;465
2276;466
2282;467
2286;468
2291;469
2295;470
2302;471
2306;472
2311;473
2315;474
2321;475
2325;476
2330;477
2334;478
2343;479
2347;480
2352;481
2356;482
2362;483
2366;484
2371;485
2375;486
2382;487
2386;488
2391;489
2395;490
2401;491
2405;492
2410;493
2414;494
2422;495
2426;496
2431;497
2435;498
2441;499
2445;500
2450;501
2454;502
2461;503
2465;504
2470;505
2474;506
2480;507
2484;508
2489;509
2493;510
2502;511
2506;512
2511;513
2515;514
2521;515
2525;516
2530;517
2534;518
2541;519
2545;520
2550;521
2554;522
2560;523
2564;524
2569;525
2573;526
2581;527
2585;528
2590;529
2594;530
2600;531
2604;532
2609;533
2613;534
2620;535
2624;536
2629;537
2633;538
2639;539
2643;540
2648;541
2652;542
2661;543
2665;544
2670;545
2674;546
2680;547
2684;548
2689;549
2693;550
2700;551
2704;552
2709;553
2713;554
2719;555
2723;556
2728;557
2732;558
2740;559
2744;560
2749;561
2753;562
2759;563
2763;564
2768;565
2772;566
2779;567
2783;568
2788;569
2792;570
2798;571
2802;572
2807;573
2811;574
2821;575
2825;576
2830;577
2834;578
2840;579
2844;580
2849;581
2853;582
2860;583
2864;584
2869;585
2873;586
2879;587
2883;588
2888;589
2892;590
2900;591
2904;592
2909;593
2913;594
2919;595
2923;596
2928;597
2932;598
2939;599
2943;600
2948;601
2952;602
2958;603
2962;604
2967;605
2971;606
2980;607
2984;608
2989;609
2993;610
2999;611
3003;612
3008;613
3012;614
3019;615
3023;616
3028;617
3032;618
3038;619
3042;620
3047;621
3051;622
3059;623
3063;624
3068;625
3072;626
3078;627
3082;628
3087;629
3091;630
3098;631
3102;632
3107;633
3111;634
3117;635
3121;636
3126;637
3130;638
3141;639
3145;640
3150;641
3154;642
3160;643
3164;644
3169;645
3173;646
3180;647
3184;648
3189;649
3193;650
3199;651
3203;652
3208;653
3212;654
3220;655
3224;656
3229;657
3233;658
3239;659
3243;660
3248;661
3252;662
3259;663
3263;664
3268;665
3272;666
3278;667
3282;668
3287;669
3291;670
3300;671
3304;672
3309;673
3313;674
3319;675
3323;676
3328;677
3332;678
3339;679
3343;680
3348;681
3352;682
3358;683
3362;684
3367;685
3371;686
3379;687
3383;688
3388;689
3392;690
3398;691
3402;692
3407;693
3411;694
3418;695
3422;696
3427;697
3431;698
3437;699
3441;700
3446;701
3450;702
3460;703
3464;704
3469;705
3473;706
3479;707
3483;708
3488;709
3492;710
3499;711
3503;712
3508;713
3512;714
3518;715
3522;716
3527;717
3531;718
3539;719
3543;720
3548;721
3552;722
3558;723
3562;724
3567;725
3571;726
3578;727
3582;728
3587;729
3591;730
3597;731
3601;732
3606;733
3610;734
3619;735
3623;736
3628;737
3632;738
3638;739
3642;740
3647;741
3651;742
3658;743
3662;744
3667;745
3671;746
3677;747
3681;748
3686;749
3690;750
3698;751
3702;752
3707;753
3711;754
3717;755
3721;756
3726;757
3730;758
3737;759
3741;760
3746;761
3750;762
3756;763
3760;764
3765;765
3769;766
3779;767
3783;768
3788;769
3792;770
3798;771
3802;772
3807;773
3811;774
3818;775
3822;776
3827;777
3831;778
3837;779
3841;780
3846;781
3850;782
3858;783
3862;784
3867;785
3871;786
3877;787
3881;788
3886;789
3890;790
3897;791
3901;792
3906;793
3910;794
3916;795
3920;796
3925;797
3929;798
3938;799
3942;800
3947;801
3951;802
3957;803
3961;804
3966;805
3970;806
3977;807
3981;808
3986;809
3990;810
3996;811
4000;812
4005;813
4009;814
4017;815
4021;816
4026;817
4030;818
4036;819
4040;820
4045;821
4049;822
4056;823
4060;824
4065;825
4069;826
4075;827
4079;828
4084;829
4088;830
4098;831
4102;832
4107;833
4111;834
4117;835
4121;836
4126;837
4130;838
4137;839
4141;840
4146;841
4150;842
4156;843
4160;844
4165;845
4169;846
4177;847
4181;848
4186;849
4190;850
4196;851
4200;852
4205;853
4209;854
4216;855
4220;856
4225;857
4229;858
4235;859
4239;860
4244;861
4248;862
4257;863
4261;864
4266;865
4270;866
4276;867
4280;868
4285;869
4289;870
4296;871
4300;872
4305;873
4309;874
4315;875
4319;876
4324;877
4328;878
4336;879
4340;880
4345;881
4349;882
4355;883
4359;884
4364;885
4368;886
4375;887
4379;888
4384;889
4388;890
4394;891
4398;892
4403;893
4407;894
4418;895
4422;896
4427;897
4431;898
4437;899
4441;900
4446;901
4450;902
4457;903
4461;904
4466;905
4470;906
4476;907
4480;908
4485;909
4489;910
4497;911
4501;912
4506;913
4510;914
4516;915
4520;916
4525;917
4529;918
4536;919
4540;920
4545;921
4549;922
4555;923
4559;924
4564;925
4568;926
4577;927
4581;928
4586;929
4590;930
4596;931
4600;932
4605;933
4609;934
4616;935
4620;936
4625;937
4629;938
4635;939
4639;940
4644;941
4648;942
4656;943
4660;944
4665;945
4669;946
4675;947
4679;948
4684;949
4688;950
4695;951
4699;952
4704;953
4708;954
4714;955
4718;956
4723;957
4727;958
4737;959
4741;960
4746;961
4750;962
4756;963
4760;964
4765;965
4769;966
4776;967
4780;968
4785;969
4789;970
4795;971
4799;972
4804;973
4808;974
4816;975
4820;976
4825;977
4829;978
4835;979
4839;980
4844;981
4848;982
4855;983
4859;984
4864;985
4868;986
4874;987
4878;988
4883;989
4887;990
4896;991
4900;992
4905;993
4909;994
4915;995
4919;996
4924;997
4928;998
4935;999
4939;1000
