0;0;2
1;1;3
3;3;4
6;6;5
10;10;6
15;15;7
21;21;8
28;28;9
36;36;10
45;45;11
55;55;12
66;66;13
78;78;14
91;91;15
105;105;16
120;120;17
136;136;18
153;153;19
171;171;20
190;190;21
210;210;22
231;231;23
253;253;24
276;276;25
300;300;26
325;325;27
351;351;28
378;378;29
406;406;30
435;435;31
465;465;32
496;496;33
528;528;34
561;561;35
595;595;36
630;630;37
666;666;38
703;703;39
741;741;40
780;780;41
820;820;42
861;861;43
903;903;44
946;946;45
990;990;46
1035;1035;47
1081;1081;48
1128;1128;49
1176;1176;50
1225;1225;51
1275;1275;52
1326;1326;53
1378;1378;54
1431;1431;55
1485;1485;56
1540;1540;57
1596;1596;58
1653;1653;59
1711;1711;60
1770;1770;61
1830;1830;62
1891;1891;63
1953;1953;64
2016;2016;65
2080;2080;66
2145;2145;67
2211;2211;68
2278;2278;69
2346;2346;70
2415;2415;71
2485;2485;72
2556;2556;73
2628;2628;74
2701;2701;75
2775;2775;76
2850;2850;77
2926;2926;78
3003;3003;79
3081;3081;80
3160;3160;81
3240;3240;82
3321;3321;83
3403;3403;84
3486;3486;85
3570;3570;86
3655;3655;87
3741;3741;88
3828;3828;89
3916;3916;90
4005;4005;91
4095;4095;92
4186;4186;93
4278;4278;94
4371;4371;95
4465;4465;96
4560;4560;97
4656;4656;98
4753;4753;99
4851;4851;100
4950;4950;101
5050;5050;102
5151;5151;103
5253;5253;104
5356;5356;105
5460;5460;106
5565;5565;107
5671;5671;108
5778;5778;109
5886;5886;110
5995;5995;111
6105;6105;112
6216;6216;113
6328;6328;114
6441;6441;115
6555;6555;116
6670;6670;117
6786;6786;118
6903;6903;119
7021;7021;120
7140;7140;121
7260;7260;122
7381;7381;123
7503;7503;124
7626;7626;125
7750;7750;126
7875;7875;127
8001;8001;128
8128;8128;129
8256;8256;130
8385;8385;131
8515;8515;132
8646;8646;133
8778;8778;134
8911;8911;135
9045;9045;136
9180;9180;137
9316;9316;138
9453;9453;139
9591;9591;140
9730;9730;141
9870;9870;142
10011;10011;143
10153;10153;144
10296;10296;145
10440;10440;146
10585;10585;147
10731;10731;148
10878;10878;149
11026;11026;150
11175;11175;151
11325;11325;152
11476;11476;153
11628;11628;154
11781;11781;155
11935;11935;156
12090;12090;157
12246;12246;158
12403;12403;159
12561;12561;160
12720;12720;161
12880;12880;162
13041;13041;163
13203;13203;164
13366;13366;165
13530;13530;166
13695;13695;167
13861;13861;168
14028;14028;169
14196;14196;170
14365;14365;171
14535;14535;172
14706;14706;173
14878;14878;174
15051;15051;175
15225;15225;176
15400;15400;177
15576;15576;178
15753;15753;179
15931;15931;180
16110;16110;181
16290;16290;182
16471;16471;183
16653;16653;184
16836;16836;185
17020;17020;186
17205;17205;187
17391;17391;188
17578;17578;189
17766;17766;190
17955;17955;191
18145;18145;192
18336;18336;193
18528;18528;194
18721;18721;195
18915;18915;196
19110;19110;197
19306;19306;198
19503;19503;199
19701;19701;200
19900;19900;201
20100;20100;202
20301;20301;203
20503;20503;204
20706;20706;205
20910;20910;206
21115;21115;207
21321;21321;208
21528;21528;209
21736;21736;210
21945;21945;211
22155;22155;212
22366;22366;213
22578;22578;214
22791;22791;215
23005;23005;216
23220;23220;217
23436;23436;218
23653;23653;219
23871;23871;220
24090;24090;221
24310;24310;222
24531;24531;223
24753;24753;224
24976;24976;225
25200;25200;226
25425;25425;227
25651;25651;228
25878;25878;229
26106;26106;230
26335;26335;231
26565;26565;232
26796;26796;233
27028;27028;234
27261;27261;235
27495;27495;236
27730;27730;237
27966;27966;238
28203;28203;239
28441;28441;240
28680;28680;241
28920;28920;242
29161;29161;243
29403;29403;244
29646;29646;245
29890;29890;246
30135;30135;247
30381;30381;248
30628;30628;249
30876;30876;250
31125;31125;251
31375;31375;252
31626;31626;253
31878;31878;254
32131;32131;255
32385;32385;256
32640;32640;257
32896;32896;258
33153;33153;259
33411;33411;260
33670;33670;261
33930;33930;262
34191;34191;263
34453;34453;264
34716;34716;265
34980;34980;266
35245;35245;267
35511;35511;268
35778;35778;269
36046;36046;270
36315;36315;271
36585;36585;272
36856;36856;273
37128;37128;274
37401;37401;275
37675;37675;276
37950;37950;277
38226;38226;278
38503;38503;279
38781;38781;280
39060;39060;281
39340;39340;282
39621;39621;283
39903;39903;284
40186;40186;285
40470;40470;286
40755;40755;287
41041;41041;288
41328;41328;289
41616;41616;290
41905;41905;291
42195;42195;292
42486;42486;293
42778;42778;294
43071;43071;295
43365;43365;296
43660;43660;297
43956;43956;298
44253;44253;299
44551;44551;300
44850;44850;301
45150;45150;302
45451;45451;303
45753;45753;304
46056;46056;305
46360;46360;306
46665;46665;307
46971;46971;308
47278;47278;309
47586;47586;310
47895;47895;311
48205;48205;312
48516;48516;313
48828;48828;314
49141;49141;315
49455;49455;316
49770;49770;317
50086;50086;318
50403;50403;319
50721;50721;320
51040;51040;321
51360;51360;322
51681;51681;323
52003;52003;324
52326;52326;325
52650;52650;326
52975;52975;327
53301;53301;328
53628;53628;329
53956;53956;330
54285;54285;331
54615;54615;332
54946;54946;333
55278;55278;334
55611;55611;335
55945;55945;336
56280;56280;337
56616;56616;338
56953;56953;339
57291;57291;340
57630;57630;341
57970;57970;342
58311;58311;343
58653;58653;344
58996;58996;345
59340;59340;346
59685;59685;347
60031;60031;348
60378;60378;349
60726;60726;350
61075;61075;351
61425;61425;352
61776;61776;353
62128;62128;354
62481;62481;355
62835;62835;356
63190;63190;357
63546;63546;358
63903;63903;359
64261;64261;360
64620;64620;361
64980;64980;362
65341;65341;363
65703;65703;364
66066;66066;365
66430;66430;366
66795;66795;367
67161;67161;368
67528;67528;369
67896;67896;370
68265;68265;371
68635;68635;372
69006;69006;373
69378;69378;374
69751;69751;375
70125;70125;376
70500;70500;377
70876;70876;378
71253;71253;379
71631;71631;380
72010;72010;381
72390;72390;382
72771;72771;383
73153;73153;384
73536;73536;385
73920;73920;386
74305;74305;387
74691;74691;388
75078;75078;389
75466;75466;390
75855;75855;391
76245;76245;392
76636;76636;393
77028;77028;394
77421;77421;395
77815;77815;396
78210;78210;397
78606;78606;398
79003;79003;399
79401;79401;400
79800;79800;401
80200;80200;402
80601;80601;403
81003;81003;404
81406;81406;405
81810;81810;406
82215;82215;407
82621;82621;408
83028;83028;409
83436;83436;410
83845;83845;411
84255;84255;412
84666;84666;413
85078;85078;414
85491;85491;415
85905;85905;416
86320;86320;417
86736;86736;418
87153;87153;419
87571;87571;420
87990;87990;421
88410;88410;422
88831;88831;423
89253;89253;424
89676;89676;425
90100;90100;426
90525;90525;427
90951;90951;428
91378;91378;429
91806;91806;430
92235;92235;431
92665;92665;432
93096;93096;433
93528;93528;434
93961;93961;435
94395;94395;436
94830;94830;437
95266;95266;438
95703;95703;439
96141;96141;440
96580;96580;441
97020;97020;442
97461;97461;443
97903;97903;444
98346;98346;445
98790;98790;446
99235;99235;447
99681;99681;448
100128;100128;449
100576;100576;450
101025;101025;451
101475;101475;452
101926;101926;453
102378;102378;454
102831;102831;455
103285;103285;456
103740;103740;457
104196;104196;458
104653;104653;459
105111;105111;460
105570;105570;461
106030;106030;462
106491;106491;463
106953;106953;464
107416;107416;465
107880;107880;466
108345;108345;467
108811;108811;468
109278;109278;469
109746;109746;470
110215;110215;471
110685;110685;472
111156;111156;473
111628;111628;474
112101;112101;475
112575;112575;476
113050;113050;477
113526;113526;478
114003;114003;479
114481;114481;480
114960;114960;481
115440;115440;482
115921;115921;483
116403;116403;484
116886;116886;485
117370;117370;486
117855;117855;487
118341;118341;488
118828;118828;489
119316;119316;490
119805;119805;491
120295;120295;492
120786;120786;493
121278;121278;494
121771;121771;495
122265;122265;496
122760;122760;497
123256;123256;498
123753;123753;499
124251;124251;500
124750;124750;501
125250;125250;502
125751;125751;503
126253;126253;504
126756;126756;505
127260;127260;506
127765;127765;507
128271;128271;508
128778;128778;509
129286;129286;510
129795;129795;511
130305;130305;512
130816;130816;513
131328;131328;514
131841;131841;515
132355;132355;516
132870;132870;517
133386;133386;518
133903;133903;519
134421;134421;520
134940;134940;521
135460;135460;522
135981;135981;523
136503;136503;524
137026;137026;525
137550;137550;526
138075;138075;527
138601;138601;528
139128;139128;529
139656;139656;530
140185;140185;531
140715;140715;532
141246;141246;533
141778;141778;534
142311;142311;535
142845;142845;536
143380;143380;537
143916;143916;538
144453;144453;539
144991;144991;540
145530;145530;541
146070;146070;542
146611;146611;543
147153;147153;544
147696;147696;545
148240;148240;546
148785;148785;547
149331;149331;548
149878;149878;549
150426;150426;550
150975;150975;551
151525;151525;552
152076;152076;553
152628;152628;554
153181;153181;555
153735;153735;556
154290;154290;557
154846;154846;558
155403;155403;559
155961;155961;560
156520;156520;561
157080;157080;562
157641;157641;563
158203;158203;564
158766;158766;565
159330;159330;566
159895;159895;567
160461;160461;568
161028;161028;569
161596;161596;570
162165;162165;571
162735;162735;572
163306;163306;573
163878;163878;574
164451;164451;575
165025;165025;576
165600;165600;577
166176;166176;578
166753;166753;579
167331;167331;580
167910;167910;581
168490;168490;582
169071;169071;583
169653;169653;584
170236;170236;585
170820;170820;586
171405;171405;587
171991;171991;588
172578;172578;589
173166;173166;590
173755;173755;591
174345;174345;592
174936;174936;593
175528;175528;594
176121;176121;595
176715;176715;596
177310;177310;597
177906;177906;598
178503;178503;599
179101;179101;600
179700;179700;601
180300;180300;602
180901;180901;603
181503;181503;604
182106;182106;605
182710;182710;606
183315;183315;607
183921;183921;608
184528;184528;609
185136;185136;610
185745;185745;611
186355;186355;612
186966;186966;613
187578;187578;614
188191;188191;615
188805;188805;616
189420;189420;617
190036;190036;618
190653;190653;619
191271;191271;620
191890;191890;621
192510;192510;622
193131;193131;623
193753;193753;624
194376;194376;625
195000;195000;626
195625;195625;627
196251;196251;628
196878;196878;629
197506;197506;630
198135;198135;631
198765;198765;632
199396;199396;633
200028;200028;634
200661;200661;635
201295;201295;636
201930;201930;637
202566;202566;638
203203;203203;639
203841;203841;640
204480;204480;641
205120;205120;642
205761;205761;643
206403;206403;644
207046;207046;645
207690;207690;646
208335;208335;647
208981;208981;648
209628;209628;649
210276;210276;650
210925;210925;651
211575;211575;652
212226;212226;653
212878;212878;654
213531;213531;655
214185;214185;656
214840;214840;657
215496;215496;658
216153;216153;659
216811;216811;660
217470;217470;661
218130;218130;662
218791;218791;663
219453;219453;664
220116;220116;665
220780;220780;666
221445;221445;667
222111;222111;668
222778;222778;669
223446;223446;670
224115;224115;671
224785;224785;672
225456;225456;673
226128;226128;674
226801;226801;675
227475;227475;676
228150;228150;677
228826;228826;678
229503;229503;679
230181;230181;680
230860;230860;681
231540;231540;682
232221;232221;683
232903;232903;684
233586;233586;685
234270;234270;686
234955;234955;687
235641;235641;688
236328;236328;689
237016;237016;690
237705;237705;691
238395;238395;692
239086;239086;693
239778;239778;694
240471;240471;695
241165;241165;696
241860;241860;697
242556;242556;698
243253;243253;699
243951;243951;700
244650;244650;701
245350;245350;702
246051;246051;703
246753;246753;704
247456;247456;705
248160;248160;706
248865;248865;707
249571;249571;708
250278;250278;709
250986;250986;710
251695;251695;711
252405;252405;712
253116;253116;713
253828;253828;714
254541;254541;715
255255;255255;716
255970;255970;717
256686;256686;718
257403;257403;719
258121;258121;720
258840;258840;721
259560;259560;722
260281;260281;723
261003;261003;724
261726;261726;725
262450;262450;726
263175;263175;727
263901;263901;728
264628;264628;729
265356;265356;730
266085;266085;731
266815;266815;732
267546;267546;733
268278;268278;734
269011;269011;735
269745;269745;736
270480;270480;737
271216;271216;738
271953;271953;739
272691;272691;740
273430;273430;741
274170;274170;742
274911;274911;743
275653;275653;744
276396;276396;745
277140;277140;746
277885;277885;747
278631;278631;748
279378;279378;749
280126;280126;750
280875;280875;751
281625;281625;752
282376;282376;753
283128;283128;754
283881;283881;755
284635;284635;756
285390;285390;757
286146;286146;758
286903;286903;759
287661;287661;760
288420;288420;761
289180;289180;762
289941;289941;763
290703;290703;764
291466;291466;765
292230;292230;766
292995;292995;767
293761;293761;768
294528;294528;769
295296;295296;770
296065;296065;771
296835;296835;772
297606;297606;773
298378;298378;774
299151;299151;775
299925;299925;776
300700;300700;777
301476;301476;778
302253;302253;779
303031;303031;780
303810;303810;781
304590;304590;782
305371;305371;783
306153;306153;784
306936;306936;785
307720;307720;786
308505;308505;787
309291;309291;788
310078;310078;789
310866;310866;790
311655;311655;791
312445;312445;792
313236;313236;793
314028;314028;794
314821;314821;795
315615;315615;796
316410;316410;797
317206;317206;798
318003;318003;799
318801;318801;800
319600;319600;801
320400;320400;802
321201;321201;803
322003;322003;804
322806;322806;805
323610;323610;806
324415;324415;807
325221;325221;808
326028;326028;809
326836;326836;810
327645;327645;811
328455;328455;812
329266;329266;813
330078;330078;814
330891;330891;815
331705;331705;816
332520;332520;817
333336;333336;818
334153;334153;819
334971;334971;820
335790;335790;821
336610;336610;822
337431;337431;823
338253;338253;824
339076;339076;825
339900;339900;826
340725;340725;827
341551;341551;828
342378;342378;829
343206;343206;830
344035;344035;831
344865;344865;832
345696;345696;833
346528;346528;834
347361;347361;835
348195;348195;836
349030;349030;837
349866;349866;838
350703;350703;839
351541;351541;840
352380;352380;841
353220;353220;842
354061;354061;843
354903;354903;844
355746;355746;845
356590;356590;846
357435;357435;847
358281;358281;848
359128;359128;849
359976;359976;850
360825;360825;851
361675;361675;852
362526;362526;853
363378;363378;854
364231;364231;855
365085;365085;856
365940;365940;857
366796;366796;858
367653;367653;859
368511;368511;860
369370;369370;861
370230;370230;862
371091;371091;863
371953;371953;864
372816;372816;865
373680;373680;866
374545;374545;867
375411;375411;868
376278;376278;869
377146;377146;870
378015;378015;871
378885;378885;872
379756;379756;873
380628;380628;874
381501;381501;875
382375;382375;876
383250;383250;877
384126;384126;878
385003;385003;879
385881;385881;880
386760;386760;881
387640;387640;882
388521;388521;883
389403;389403;884
390286;390286;885
391170;391170;886
392055;392055;887
392941;392941;888
393828;393828;889
394716;394716;890
395605;395605;891
396495;396495;892
397386;397386;893
398278;398278;894
399171;399171;895
400065;400065;896
400960;400960;897
401856;401856;898
402753;402753;899
403651;403651;900
404550;404550;901
405450;405450;902
406351;406351;903
407253;407253;904
408156;408156;905
409060;409060;906
409965;409965;907
410871;410871;908
411778;411778;909
412686;412686;910
413595;413595;911
414505;414505;912
415416;415416;913
416328;416328;914
417241;417241;915
418155;418155;916
419070;419070;917
419986;419986;918
420903;420903;919
421821;421821;920
422740;422740;921
423660;423660;922
424581;424581;923
425503;425503;924
426426;426426;925
427350;427350;926
428275;428275;927
429201;429201;928
430128;430128;929
431056;431056;930
431985;431985;931
432915;432915;932
433846;433846;933
434778;434778;934
435711;435711;935
436645;436645;936
437580;437580;937
438516;438516;938
439453;439453;939
440391;440391;940
441330;441330;941
442270;442270;942
443211;443211;943
444153;444153;944
445096;445096;945
446040;446040;946
446985;446985;947
447931;447931;948
448878;448878;949
449826;449826;950
450775;450775;951
451725;451725;952
452676;452676;953
453628;453628;954
454581;454581;955
455535;455535;956
456490;456490;957
457446;457446;958
458403;458403;959
459361;459361;960
460320;460320;961
461280;461280;962
462241;462241;963
463203;463203;964
464166;464166;965
465130;465130;966
466095;466095;967
467061;467061;968
468028;468028;969
468996;468996;970
469965;469965;971
470935;470935;972
471906;471906;973
472878;472878;974
473851;473851;975
474825;474825;976
475800;475800;977
476776;476776;978
477753;477753;979
478731;478731;980
479710;479710;981
480690;480690;982
481671;481671;983
482653;482653;984
483636;483636;985
484620;484620;986
485605;485605;987
486591;486591;988
487578;487578;989
488566;488566;990
489555;489555;991
490545;490545;992
491536;491536;993
492528;492528;994
493521;493521;995
494515;494515;996
495510;495510;997
496506;496506;998
497503;497503;999
498501;498501;1000
499500;499500;1001
