0;0;2
2;4;3
4;8;4
7;13;5
8;18;6
13;25;7
15;29;8
18;38;9
26;50;10
24;50;11
31;59;12
35;69;13
31;71;14
47;89;15
33;79;16
49;99;17
51;105;18
59;119;19
66;132;20
53;125;21
77;151;22
83;163;23
81;165;24
93;185;25
92;184;26
74;174;27
100;206;28
108;218;29
111;225;30
121;243;31
125;251;32
128;256;33
123;257;34
144;286;35
150;298;36
142;296;37
142;298;38
155;317;39
159;327;40
166;340;41
170;352;42
171;363;43
191;391;44
187;389;45
206;412;46
212;420;47
195;407;48
214;432;49
217;441;50
226;458;51
220;462;52
239;485;53
251;509;54
238;498;55
252;518;56
230;500;57
259;535;58
251;535;59
269;561;60
279;573;61
276;582;62
293;599;63
277;595;64
312;632;65
298;628;66
308;646;67
326;666;68
307;653;69
319;667;70
302;662;71
351;713;72
294;662;73
354;730;74
363;749;75
349;739;76
391;791;77
366;774;78
377;793;79
402;816;80
383;809;81
428;858;82
395;837;83
393;837;84
437;889;85
419;875;86
429;895;87
394;864;88
423;909;89
452;944;90
467;963;91
472;974;92
483;995;93
486;998;94
454;972;95
454;974;96
466;1002;97
520;1056;98
519;1067;99
505;1053;100
491;1057;101
504;1070;102
532;1112;103
469;1047;104
521;1115;105
562;1162;106
593;1199;107
581;1189;108
584;1204;109
556;1186;110
546;1180;111
545;1185;112
597;1251;113
582;1238;114
604;1274;115
620;1292;116
603;1279;117
560;1248;118
670;1358;119
621;1315;120
626;1330;121
603;1317;122
598;1314;123
698;1420;124
626;1364;125
660;1396;126
657;1401;127
658;1410;128
635;1401;129
698;1466;130
708;1482;131
717;1497;132
683;1473;133
737;1541;134
721;1525;135
696;1516;136
729;1561;137
785;1611;138
692;1526;139
723;1569;140
759;1609;141
735;1595;142
762;1618;143
740;1614;144
799;1685;145
812;1706;146
811;1703;147
805;1705;148
782;1696;149
808;1726;150
820;1744;151
857;1793;152
886;1834;153
830;1782;154
863;1817;155
823;1795;156
903;1869;157
937;1911;158
905;1899;159
927;1929;160
868;1876;161
926;1930;162
874;1892;163
866;1898;164
899;1935;165
967;2013;166
915;1961;167
937;1991;168
897;1959;169
962;2044;170
981;2055;171
991;2083;172
1009;2097;173
1006;2104;174
994;2102;175
989;2119;176
981;2101;177
1002;2136;178
1079;2219;179
1046;2200;180
1049;2201;181
1041;2211;182
1060;2234;183
1035;2235;184
1078;2274;185
1082;2284;186
1032;2236;187
1141;2363;188
1094;2318;189
1052;2288;190
1059;2293;191
1122;2374;192
1077;2331;193
1119;2375;194
1107;2365;195
1130;2408;196
1106;2388;197
1138;2436;198
1126;2418;199
1174;2486;200
1112;2418;201
1213;2537;202
1231;2557;203
1165;2509;204
1122;2472;205
1211;2569;206
1180;2544;207
1236;2620;208
1328;2710;209
1275;2669;210
1233;2633;211
1214;2626;212
1216;2624;213
1279;2691;214
1295;2727;215
1259;2707;216
1257;2693;217
1236;2692;218
1225;2677;219
1326;2810;220
1322;2806;221
1273;2761;222
1230;2722;223
1348;2858;224
1330;2850;225
1345;2867;226
1360;2888;227
1378;2910;228
1314;2858;229
1389;2951;230
1405;2971;231
1442;3018;232
1384;2970;233
1347;2937;234
1371;2963;235
1457;3061;236
1389;3001;237
1366;2970;238
1413;3025;239
1436;3088;240
1389;3027;241
1429;3075;242
1452;3096;243
1562;3224;244
1494;3162;245
1422;3094;246
1489;3169;247
1469;3167;248
1455;3153;249
1472;3192;250
1464;3180;251
1575;3307;252
1439;3173;253
1528;3274;254
1507;3259;255
1495;3269;256
1508;3278;257
1494;3264;258
1488;3266;259
1608;3406;260
1548;3352;261
1610;3418;262
1635;3453;263
1564;3394;264
1669;3507;265
1697;3541;266
1602;3454;267
1639;3507;268
1586;3456;269
1701;3573;270
1716;3604;271
1691;3605;272
1635;3549;273
1647;3553;274
1650;3570;275
1648;3578;276
1667;3603;277
1793;3739;278
1650;3612;279
1725;3707;280
1723;3687;281
1710;3692;282
1687;3679;283
1771;3775;284
1738;3752;285
1711;3719;286
1747;3781;287
1755;3791;288
1796;3838;289
1756;3798;290
1847;3897;291
1716;3782;292
1895;3991;293
1785;3857;294
1769;3867;295
1704;3814;296
1852;3960;297
1884;3990;298
1844;3974;299
1894;4020;300
1839;3983;301
1859;4007;302
1842;4006;303
1793;3979;304
1864;4052;305
1867;4051;306
1904;4110;307
1786;3996;308
1918;4128;309
1920;4134;310
1935;4181;311
1952;4192;312
1911;4161;313
1934;4190;314
1995;4273;315
1967;4247;316
1909;4191;317
1983;4271;318
2028;4338;319
1939;4241;320
2016;4340;321
2022;4344;322
1987;4321;323
1954;4290;324
2044;4396;325
2089;4453;326
1966;4354;327
2044;4424;328
2080;4474;329
2127;4519;330
2012;4418;331
2156;4566;332
2083;4507;333
2117;4545;334
2057;4507;335
2118;4570;336
2045;4505;337
2173;4625;338
2153;4629;339
2234;4706;340
2219;4693;341
2215;4705;342
2191;4697;343
2234;4742;344
2238;4764;345
2192;4734;346
2249;4799;347
2161;4715;348
2243;4801;349
2309;4885;350
2208;4802;351
2028;4620;352
2288;4890;353
2357;4953;354
2349;4975;355
2307;4921;356
2385;5017;357
2273;4909;358
2422;5074;359
2300;4946;360
2278;4948;361
2372;5040;362
2331;5017;363
2405;5091;364
2389;5097;365
2455;5165;366
2358;5100;367
2329;5059;368
2368;5112;369
2363;5115;370
2344;5116;371
2301;5051;372
2440;5228;373
2424;5214;374
2428;5238;375
2462;5266;376
2513;5319;377
2452;5272;378
2483;5321;379
2435;5261;380
2371;5223;381
2384;5242;382
2455;5343;383
2476;5350;384
2491;5369;385
2566;5438;386
2553;5437;387
2391;5293;388
2452;5360;389
2573;5491;390
2529;5467;391
2717;5653;392
2639;5583;393
2568;5500;394
2534;5502;395
2545;5505;396
2700;5682;397
2659;5633;398
2481;5485;399
2543;5567;400
2652;5674;401
2635;5659;402
2587;5629;403
2632;5660;404
2659;5705;405
2596;5652;406
2594;5688;407
2558;5640;408
2650;5750;409
2689;5789;410
2692;5818;411
2699;5807;412
2690;5800;413
2808;5938;414
2733;5905;415
2814;5968;416
2746;5910;417
2816;5990;418
2791;5975;419
2846;6030;420
2693;5903;421
2787;6007;422
2813;6059;423
2789;6017;424
2716;5956;425
2682;5936;426
2957;6231;427
2967;6233;428
2820;6090;429
2869;6151;430
2813;6145;431
2801;6115;432
2823;6137;433
2837;6157;434
2906;6248;435
2901;6239;436
2677;6011;437
2799;6149;438
2897;6277;439
2920;6282;440
2921;6305;441
2806;6180;442
3077;6479;443
2869;6269;444
3011;6429;445
3019;6443;446
2959;6433;447
2916;6374;448
2922;6390;449
2995;6455;450
3005;6483;451
2973;6455;452
3007;6495;453
2951;6459;454
3070;6604;455
3027;6535;456
3150;6686;457
3039;6577;458
3089;6651;459
3032;6590;460
3141;6717;461
3048;6626;462
3061;6679;463
3209;6821;464
3096;6712;465
3080;6682;466
3029;6669;467
3269;6901;468
3090;6736;469
3082;6738;470
3105;6787;471
3215;6875;472
3098;6770;473
3151;6835;474
3141;6853;475
3203;6911;476
3182;6896;477
3194;6916;478
3195;6959;479
3251;7007;480
3168;6906;481
3269;7013;482
3249;7021;483
3215;6987;484
3225;7015;485
3268;7060;486
3179;6999;487
3091;6897;488
3373;7193;489
3272;7090;490
3222;7062;491
3152;7012;492
3275;7133;493
3283;7147;494
3192;7094;495
3283;7167;496
3317;7215;497
3253;7151;498
3296;7206;499
3360;7284;500
3544;7470;501
3376;7324;502
3434;7402;503
3339;7289;504
3371;7331;505
3397;7369;506
3357;7361;507
3450;7438;508
3438;7430;509
3453;7459;510
3365;7419;511
3411;7445;512
3362;7390;513
3455;7493;514
3486;7556;515
3513;7587;516
3599;7665;517
3463;7563;518
3510;7638;519
3388;7490;520
3608;7702;521
3511;7623;522
3534;7678;523
3563;7719;524
3445;7589;525
3666;7832;526
3645;7829;527
3589;7781;528
3670;7842;529
3517;7707;530
3535;7759;531
3421;7649;532
3485;7709;533
3629;7873;534
3664;7922;535
3467;7713;536
3696;7968;537
3621;7889;538
3641;7925;539
3771;8071;540
3703;8009;541
3576;7910;542
3628;7980;543
3721;8065;544
3722;8058;545
3725;8075;546
3759;8129;547
3678;8064;548
3738;8112;549
3749;8157;550
3746;8160;551
3743;8147;552
3754;8160;553
3637;8053;554
3704;8142;555
3795;8243;556
3738;8194;557
3860;8338;558
3738;8240;559
3797;8307;560
3905;8415;561
3923;8433;562
3757;8295;563
3764;8302;564
3886;8418;565
3855;8425;566
3883;8469;567
3918;8492;568
3787;8363;569
3993;8575;570
3982;8584;571
3943;8533;572
3978;8596;573
3870;8512;574
3963;8607;575
3925;8557;576
3886;8512;577
3880;8524;578
4070;8742;579
3978;8660;580
3970;8650;581
3912;8626;582
3794;8508;583
3938;8656;584
4149;8859;585
4057;8787;586
4024;8780;587
4014;8778;588
4114;8882;589
4146;8942;590
4094;8902;591
3995;8789;592
4124;8926;593
3996;8818;594
3922;8758;595
4042;8864;596
4082;8914;597
4119;8979;598
4177;9037;599
4172;9044;600
4022;8894;601
4201;9075;602
4160;9064;603
4138;9050;604
4187;9099;605
4178;9116;606
4321;9261;607
4110;9060;608
4278;9238;609
4231;9201;610
4118;9096;611
4243;9229;612
4162;9142;613
4205;9233;614
4140;9148;615
4260;9286;616
4248;9264;617
4208;9246;618
4194;9248;619
4351;9429;620
4324;9390;621
4447;9547;622
4274;9384;623
4425;9537;624
4217;9319;625
4316;9424;626
4374;9500;627
4438;9596;628
4318;9460;629
4381;9539;630
4437;9605;631
4299;9471;632
4341;9519;633
4546;9750;634
4362;9554;635
4379;9597;636
4407;9629;637
4502;9752;638
4405;9669;639
4398;9662;640
4446;9704;641
4520;9806;642
4549;9819;643
4383;9681;644
4505;9795;645
4674;9998;646
4572;9892;647
4702;10028;648
4479;9821;649
4567;9927;650
4596;9926;651
4462;9834;652
4632;10024;653
4501;9913;654
4590;10010;655
4574;9992;656
4481;9887;657
4551;9979;658
4651;10075;659
4624;10068;660
4551;9999;661
4558;10064;662
4581;10055;663
4825;10307;664
4717;10207;665
4701;10233;666
4774;10280;667
4586;10116;668
4796;10334;669
4822;10404;670
4752;10316;671
4524;10084;672
4748;10318;673
4800;10392;674
4604;10190;675
4674;10280;676
4852;10454;677
4883;10517;678
4650;10268;679
4727;10371;680
4838;10478;681
4841;10505;682
4870;10518;683
4788;10470;684
4714;10412;685
4845;10577;686
4867;10595;687
4869;10605;688
4850;10590;689
4938;10696;690
4893;10641;691
4957;10713;692
5024;10784;693
5048;10864;694
5058;10842;695
4854;10660;696
4972;10776;697
4930;10754;698
4924;10746;699
5129;10965;700
4940;10788;701
4930;10828;702
4973;10847;703
4911;10795;704
5039;10925;705
5090;11000;706
5222;11116;707
5037;10953;708
4997;10929;709
4938;10894;710
4998;10948;711
5080;11030;712
5151;11107;713
5086;11074;714
5205;11175;715
5016;11004;716
5065;11065;717
5013;11057;718
5076;11116;719
5092;11134;720
5207;11233;721
5400;11456;722
5241;11293;723
5069;11137;724
5239;11295;725
5057;11165;726
5260;11352;727
5049;11151;728
5361;11455;729
5236;11372;730
5372;11498;731
5155;11297;732
5378;11550;733
5515;11725;734
5289;11475;735
5355;11537;736
5375;11565;737
5423;11637;738
5181;11385;739
5327;11549;740
5358;11588;741
5268;11556;742
5238;11508;743
5450;11730;744
5385;11649;745
5423;11737;746
5405;11699;747
5368;11678;748
5478;11790;749
5458;11848;750
5523;11881;751
5612;11964;752
5519;11877;753
5362;11752;754
5419;11781;755
5362;11752;756
5485;11893;757
5525;11989;758
5511;11923;759
5426;11878;760
5529;11947;761
5555;12027;762
5465;11917;763
5376;11846;764
5374;11866;765
5431;11981;766
5440;11950;767
5513;12007;768
5682;12174;769
5508;12016;770
5364;11876;771
5657;12193;772
5500;12022;773
5370;11956;774
5462;12018;775
5625;12195;776
5582;12150;777
5639;12249;778
5533;12111;779
5706;12320;780
5715;12341;781
5580;12272;782
5702;12366;783
5834;12494;784
5703;12357;785
5820;12502;786
5761;12427;787
5782;12474;788
5660;12344;789
5790;12554;790
5641;12379;791
5672;12410;792
5669;12389;793
5828;12600;794
5729;12487;795
5735;12505;796
5749;12541;797
5646;12524;798
5735;12553;799
5956;12776;800
5913;12755;801
5835;12689;802
5988;12828;803
5937;12807;804
5932;12794;805
5822;12750;806
6022;12902;807
5884;12786;808
5893;12793;809
5935;12875;810
5870;12780;811
5946;12874;812
5815;12757;813
5946;12954;814
6166;13148;815
5936;12922;816
6010;12994;817
5965;12991;818
6002;13018;819
5948;12958;820
6061;13077;821
5981;13053;822
6017;13059;823
5955;13005;824
5950;12984;825
6063;13161;826
6105;13191;827
5936;13028;828
6150;13266;829
5974;13178;830
6095;13235;831
6099;13265;832
6014;13152;833
6153;13329;834
6131;13305;835
6173;13359;836
5937;13133;837
5933;13169;838
6139;13327;839
6335;13567;840
6151;13359;841
6101;13361;842
6100;13344;843
6263;13525;844
6370;13628;845
6332;13686;846
6213;13529;847
6209;13525;848
6195;13509;849
6197;13545;850
6249;13593;851
6385;13739;852
6343;13695;853
6395;13783;854
6348;13712;855
6223;13615;856
6196;13588;857
6218;13638;858
6196;13606;859
6282;13712;860
6251;13683;861
6210;13712;862
6405;13879;863
6283;13755;864
6484;13946;865
6378;13918;866
6250;13756;867
6177;13687;868
6428;13950;869
6451;14015;870
6391;13909;871
6427;13973;872
6634;14146;873
6319;13893;874
6528;14094;875
6573;14169;876
6359;13941;877
6665;14345;878
6514;14148;879
6390;14010;880
6517;14141;881
6286;13966;882
6480;14134;883
6595;14261;884
6487;14165;885
6624;14344;886
6505;14201;887
6403;14133;888
6566;14248;889
6480;14240;890
6570;14296;891
6654;14398;892
6641;14403;893
6564;14416;894
6554;14350;895
6615;14411;896
6741;14529;897
6595;14419;898
6708;14548;899
6674;14514;900
6758;14622;901
6667;14571;902
6698;14556;903
6873;14749;904
6864;14738;905
6736;14664;906
6663;14565;907
6833;14739;908
6841;14773;909
6766;14776;910
6685;14641;911
6695;14663;912
6774;14730;913
6890;14890;914
6752;14732;915
6775;14763;916
6840;14870;917
6799;14861;918
6689;14707;919
6689;14707;920
6882;14910;921
6703;14781;922
6882;14946;923
7004;15062;924
6826;14922;925
6824;14994;926
6870;14988;927
6753;14871;928
6845;14967;929
6956;15118;930
6855;14999;931
6699;14851;932
6940;15118;933
7050;15262;934
6947;15125;935
6965;15163;936
6976;15160;937
7128;15372;938
6976;15204;939
6989;15229;940
6993;15255;941
6954;15286;942
6931;15227;943
6960;15252;944
7156;15444;945
7149;15483;946
7037;15345;947
7067;15395;948
7023;15395;949
7108;15482;950
6984;15330;951
7047;15397;952
7061;15433;953
7035;15439;954
7018;15394;955
7255;15655;956
7230;15656;957
6973;15473;958
7267;15711;959
7170;15606;960
7072;15478;961
7112;15606;962
6977;15443;963
7343;15797;964
7310;15798;965
7229;15747;966
7309;15797;967
7210;15712;968
7053;15549;969
7147;15701;970
7266;15824;971
7303;15841;972
7093;15661;973
7314;15974;974
7274;15876;975
7172;15768;976
7330;15908;977
7318;15952;978
7164;15804;979
7163;15777;980
7191;15849;981
7309;16005;982
7315;15951;983
7393;16061;984
7262;15924;985
7486;16214;986
7209;15917;987
7345;16047;988
7216;15942;989
7447;16263;990
7250;16026;991
7334;16082;992
7528;16262;993
7530;16326;994
7132;15942;995
7250;16048;996
7348;16172;997
7462;16316;998
7499;16329;999
7320;16132;1000
7351;16167;1001
