0;0;2
1;2;3
2;5;4
3;9;5
11;14;6
10;20;7
11;27;8
14;35;9
22;44;10
21;54;11
38;65;12
27;77;13
46;90;14
64;104;15
50;119;16
63;135;17
67;152;18
64;170;19
86;189;20
96;209;21
122;230;22
84;252;23
125;275;24
153;299;25
140;324;26
148;350;27
199;377;28
165;405;29
150;434;30
176;464;31
191;495;32
232;527;33
221;560;34
256;594;35
306;629;36
215;665;37
286;702;38
301;740;39
290;779;40
323;819;41
279;860;42
390;902;43
401;945;44
462;989;45
379;1034;46
343;1080;47
471;1127;48
466;1175;49
435;1224;50
435;1274;51
448;1325;52
573;1377;53
468;1430;54
585;1484;55
558;1539;56
536;1595;57
609;1652;58
519;1710;59
645;1769;60
741;1829;61
786;1890;62
521;1952;63
754;2015;64
723;2079;65
856;2144;66
712;2210;67
805;2277;68
665;2345;69
1002;2414;70
726;2484;71
926;2555;72
1195;2627;73
1108;2700;74
949;2774;75
1171;2849;76
978;2925;77
953;3002;78
1059;3080;79
1342;3159;80
1460;3239;81
1343;3320;82
1207;3402;83
1410;3485;84
1542;3569;85
1505;3654;86
1418;3740;87
1287;3827;88
1490;3915;89
1377;4004;90
1584;4094;91
1376;4185;92
1725;4277;93
1587;4370;94
1372;4464;95
1440;4559;96
1752;4655;97
1590;4752;98
1760;4850;99
1604;4949;100
1751;5049;101
1937;5150;102
1993;5252;103
2190;5355;104
1839;5459;105
2021;5564;106
2124;5670;107
2094;5777;108
2123;5885;109
2160;5994;110
2232;6104;111
2342;6215;112
2528;6327;113
2197;6440;114
2306;6554;115
2515;6669;116
2176;6785;117
2412;6902;118
2567;7020;119
2363;7139;120
2737;7259;121
2257;7380;122
2916;7502;123
2739;7625;124
3147;7749;125
2560;7874;126
3581;8000;127
3026;8127;128
3198;8255;129
3660;8384;130
2990;8514;131
3175;8645;132
3693;8777;133
3481;8910;134
3068;9044;135
3801;9179;136
3387;9315;137
3679;9452;138
3643;9590;139
3652;9729;140
3899;9869;141
3885;10010;142
3714;10152;143
3552;10295;144
3712;10439;145
3845;10584;146
3918;10730;147
3377;10877;148
4050;11025;149
4127;11174;150
4083;11324;151
4461;11475;152
4318;11627;153
4583;11780;154
4868;11934;155
4149;12089;156
4635;12245;157
4901;12402;158
4147;12560;159
4467;12719;160
4488;12879;161
4040;13040;162
4130;13202;163
4931;13365;164
4846;13529;165
4482;13694;166
4462;13860;167
4771;14027;168
5788;14195;169
5312;14364;170
5134;14534;171
5276;14705;172
5309;14877;173
6267;15050;174
6019;15224;175
5595;15399;176
6126;15575;177
5500;15752;178
6269;15930;179
5775;16109;180
5613;16289;181
6720;16470;182
5786;16652;183
6542;16835;184
5926;17019;185
5412;17204;186
6304;17390;187
5748;17577;188
6190;17765;189
6155;17954;190
6846;18144;191
6435;18335;192
6357;18527;193
6480;18720;194
7187;18914;195
7289;19109;196
6791;19305;197
6267;19502;198
6495;19700;199
7040;19899;200
8025;20099;201
6298;20300;202
7055;20502;203
7618;20705;204
8118;20909;205
7746;21114;206
8987;21320;207
6767;21527;208
8428;21735;209
7769;21944;210
8837;22154;211
6494;22365;212
8753;22577;213
7307;22790;214
8364;23004;215
7805;23219;216
9043;23435;217
9355;23652;218
8112;23870;219
8307;24089;220
8313;24309;221
9912;24530;222
8791;24752;223
8562;24975;224
8339;25199;225
9653;25424;226
9526;25650;227
9698;25877;228
8289;26105;229
9352;26334;230
8374;26564;231
9436;26795;232
9816;27027;233
9896;27260;234
10191;27494;235
9717;27729;236
8818;27965;237
8770;28202;238
10073;28440;239
10626;28679;240
10816;28919;241
10792;29160;242
10880;29402;243
10160;29645;244
11112;29889;245
10306;30134;246
10778;30380;247
11373;30627;248
11197;30875;249
11622;31124;250
11878;31374;251
10836;31625;252
11196;31877;253
12248;32130;254
11342;32384;255
10827;32639;256
11875;32895;257
11946;33152;258
10920;33410;259
12380;33669;260
11718;33929;261
11693;34190;262
12568;34452;263
11212;34715;264
11867;34979;265
12827;35244;266
14215;35510;267
12666;35777;268
11890;36045;269
13426;36314;270
11907;36584;271
13286;36855;272
12845;37127;273
13598;37400;274
13245;37674;275
12874;37949;276
14217;38225;277
14999;38502;278
13921;38780;279
13991;39059;280
14419;39339;281
12795;39620;282
14273;39902;283
13772;40185;284
13860;40469;285
14274;40754;286
15505;41040;287
14986;41327;288
14998;41615;289
14629;41904;290
14218;42194;291
15392;42485;292
15339;42777;293
14586;43070;294
16128;43364;295
16214;43659;296
15231;43955;297
16867;44252;298
15289;44550;299
17031;44849;300
14989;45149;301
15756;45450;302
16260;45752;303
15263;46055;304
15465;46359;305
17761;46664;306
13616;46970;307
17652;47277;308
16346;47585;309
17302;47894;310
17556;48204;311
17761;48515;312
19156;48827;313
17655;49140;314
16225;49454;315
16632;49769;316
17162;50085;317
19459;50402;318
18041;50720;319
17688;51039;320
17800;51359;321
17992;51680;322
17754;52002;323
19327;52325;324
21187;52649;325
20743;52974;326
20317;53300;327
19700;53627;328
18819;53955;329
19493;54284;330
20118;54614;331
19266;54945;332
19350;55277;333
20830;55610;334
19268;55944;335
20873;56279;336
20102;56615;337
20357;56952;338
21767;57290;339
21801;57629;340
21565;57969;341
22381;58310;342
20893;58652;343
19903;58995;344
20180;59339;345
20428;59684;346
21504;60030;347
21800;60377;348
20494;60725;349
22356;61074;350
21553;61424;351
19861;61775;352
23132;62127;353
21274;62480;354
21739;62834;355
24698;63189;356
22320;63545;357
23565;63902;358
21842;64260;359
23262;64619;360
22279;64979;361
21570;65340;362
25991;65702;363
21010;66065;364
23800;66429;365
22120;66794;366
24458;67160;367
23590;67527;368
25110;67895;369
22429;68264;370
25490;68634;371
24414;69005;372
23532;69377;373
27013;69750;374
26306;70124;375
25398;70499;376
24925;70875;377
25299;71252;378
24943;71630;379
25616;72009;380
27568;72389;381
24863;72770;382
26699;73152;383
27567;73535;384
26427;73919;385
25296;74304;386
25112;74690;387
29522;75077;388
25584;75465;389
27324;75854;390
28049;76244;391
30130;76635;392
27329;77027;393
28379;77420;394
26872;77814;395
28327;78209;396
25548;78605;397
26898;79002;398
27332;79400;399
28262;79799;400
27522;80199;401
27198;80600;402
28004;81002;403
29144;81405;404
28887;81809;405
30077;82214;406
30056;82620;407
27618;83027;408
28535;83435;409
31524;83844;410
27732;84254;411
31448;84665;412
32817;85077;413
28434;85490;414
31867;85904;415
27159;86319;416
28244;86735;417
30153;87152;418
31368;87570;419
30529;87989;420
29962;88409;421
30032;88830;422
31204;89252;423
33077;89675;424
31491;90099;425
31239;90524;426
32156;90950;427
34083;91377;428
34959;91805;429
32609;92234;430
35789;92664;431
33597;93095;432
33760;93527;433
33020;93960;434
32734;94394;435
32410;94829;436
35231;95265;437
34637;95702;438
34055;96140;439
34774;96579;440
35964;97019;441
34758;97460;442
36842;97902;443
36092;98345;444
32939;98789;445
34245;99234;446
37248;99680;447
36301;100127;448
36075;100575;449
36938;101024;450
36418;101474;451
36010;101925;452
38331;102377;453
35763;102830;454
37578;103284;455
40010;103739;456
38571;104195;457
36897;104652;458
36310;105110;459
37258;105569;460
39166;106029;461
36623;106490;462
38567;106952;463
41064;107415;464
37326;107879;465
38702;108344;466
36820;108810;467
36467;109277;468
39364;109745;469
39598;110214;470
38132;110684;471
40256;111155;472
39435;111627;473
36183;112100;474
39579;112574;475
38193;113049;476
40186;113525;477
40330;114002;478
41110;114480;479
37804;114959;480
42098;115439;481
40518;115920;482
41916;116402;483
41430;116885;484
37984;117369;485
42727;117854;486
42843;118340;487
43482;118827;488
43547;119315;489
40923;119804;490
40944;120294;491
40532;120785;492
44234;121277;493
43892;121770;494
40134;122264;495
40655;122759;496
44480;123255;497
43158;123752;498
44960;124250;499
44812;124749;500
44053;125249;501
44841;125750;502
46829;126252;503
46349;126755;504
48840;127259;505
46684;127764;506
47932;128270;507
45243;128777;508
45494;129285;509
46472;129794;510
44198;130304;511
43040;130815;512
45055;131327;513
43865;131840;514
48947;132354;515
49848;132869;516
49209;133385;517
48160;133902;518
50039;134420;519
43681;134939;520
49252;135459;521
45009;135980;522
45776;136502;523
49642;137025;524
45869;137549;525
48777;138074;526
52840;138600;527
51430;139127;528
47111;139655;529
50023;140184;530
54904;140714;531
47493;141245;532
44846;141777;533
52081;142310;534
46891;142844;535
49021;143379;536
54340;143915;537
49166;144452;538
53830;144990;539
53466;145529;540
49315;146069;541
53079;146610;542
49873;147152;543
54151;147695;544
50088;148239;545
50924;148784;546
53323;149330;547
55470;149877;548
55448;150425;549
57912;150974;550
53090;151524;551
53177;152075;552
55136;152627;553
55002;153180;554
54902;153734;555
56956;154289;556
53663;154845;557
57974;155402;558
55873;155960;559
57123;156519;560
53882;157079;561
60847;157640;562
57664;158202;563
56506;158765;564
56350;159329;565
55470;159894;566
56342;160460;567
59644;161027;568
54311;161595;569
57111;162164;570
57643;162734;571
57342;163305;572
57986;163877;573
57194;164450;574
59148;165024;575
55436;165599;576
59889;166175;577
56855;166752;578
59633;167330;579
61477;167909;580
59724;168489;581
63256;169070;582
64563;169652;583
62414;170235;584
57018;170819;585
58346;171404;586
58630;171990;587
63610;172577;588
58862;173165;589
63274;173754;590
64739;174344;591
68929;174935;592
60459;175527;593
67275;176120;594
61178;176714;595
65557;177309;596
63182;177905;597
64466;178502;598
63362;179100;599
68292;179699;600
62926;180299;601
66471;180900;602
60258;181502;603
61279;182105;604
65266;182709;605
65000;183314;606
68398;183920;607
63162;184527;608
66522;185135;609
64066;185744;610
68109;186354;611
70765;186965;612
66970;187577;613
69796;188190;614
67810;188804;615
69709;189419;616
67508;190035;617
65369;190652;618
67063;191270;619
67518;191889;620
66113;192509;621
67547;193130;622
68711;193752;623
65996;194375;624
71549;194999;625
69486;195624;626
69684;196250;627
68768;196877;628
71983;197505;629
74429;198134;630
74604;198764;631
71512;199395;632
74273;200027;633
69913;200660;634
76336;201294;635
73478;201929;636
72570;202565;637
68963;203202;638
67209;203840;639
70072;204479;640
76169;205119;641
75103;205760;642
67976;206402;643
73727;207045;644
70057;207689;645
75925;208334;646
71278;208980;647
72935;209627;648
74762;210275;649
77499;210924;650
71554;211574;651
74085;212225;652
72269;212877;653
72099;213530;654
74710;214184;655
78465;214839;656
73888;215495;657
81864;216152;658
75667;216810;659
70856;217469;660
76190;218129;661
77730;218790;662
79051;219452;663
81719;220115;664
85418;220779;665
76897;221444;666
80964;222110;667
78420;222777;668
82459;223445;669
78413;224114;670
80979;224784;671
84336;225455;672
83483;226127;673
74848;226800;674
79786;227474;675
83319;228149;676
73052;228825;677
78183;229502;678
80555;230180;679
83350;230859;680
77947;231539;681
84547;232220;682
86841;232902;683
82693;233585;684
86797;234269;685
83255;234954;686
85476;235640;687
82392;236327;688
83222;237015;689
87214;237704;690
88794;238394;691
81819;239085;692
89416;239777;693
85531;240470;694
90749;241164;695
83662;241859;696
88454;242555;697
83213;243252;698
80294;243950;699
91085;244649;700
84494;245349;701
84771;246050;702
84412;246752;703
88444;247455;704
86599;248159;705
88671;248864;706
82913;249570;707
91386;250277;708
87931;250985;709
92635;251694;710
88212;252404;711
89381;253115;712
93922;253827;713
90203;254540;714
95294;255254;715
87995;255969;716
94042;256685;717
99171;257402;718
92286;258120;719
94439;258839;720
89945;259559;721
90354;260280;722
91472;261002;723
91189;261725;724
89072;262449;725
98988;263174;726
92899;263900;727
92971;264627;728
88842;265355;729
91874;266084;730
92550;266814;731
100713;267545;732
90918;268277;733
93301;269010;734
95596;269744;735
100842;270479;736
95174;271215;737
103415;271952;738
96310;272690;739
97267;273429;740
99214;274169;741
100022;274910;742
97924;275652;743
96085;276395;744
94721;277139;745
96159;277884;746
94544;278630;747
101291;279377;748
96083;280125;749
96235;280874;750
98484;281624;751
99452;282375;752
96945;283127;753
105828;283880;754
94682;284634;755
100498;285389;756
108508;286145;757
99769;286902;758
100627;287660;759
93113;288419;760
100916;289179;761
105649;289940;762
99719;290702;763
104889;291465;764
106918;292229;765
100030;292994;766
99323;293760;767
102526;294527;768
107026;295295;769
105890;296064;770
102332;296834;771
97087;297605;772
109547;298377;773
107788;299150;774
104950;299924;775
110782;300699;776
105490;301475;777
106986;302252;778
110725;303030;779
105057;303809;780
112494;304589;781
105014;305370;782
103537;306152;783
114853;306935;784
107723;307719;785
106771;308504;786
109600;309290;787
112489;310077;788
107741;310865;789
112493;311654;790
113473;312444;791
108277;313235;792
114294;314027;793
109542;314820;794
114716;315614;795
116274;316409;796
108986;317205;797
114970;318002;798
115747;318800;799
115554;319599;800
105636;320399;801
115835;321200;802
113785;322002;803
118984;322805;804
120155;323609;805
114339;324414;806
116876;325220;807
115342;326027;808
120355;326835;809
116881;327644;810
111420;328454;811
115849;329265;812
121169;330077;813
115736;330890;814
117367;331704;815
119215;332519;816
117610;333335;817
120714;334152;818
116882;334970;819
116457;335789;820
121624;336609;821
123455;337430;822
109588;338252;823
117814;339075;824
124712;339899;825
124731;340724;826
114498;341550;827
118571;342377;828
116970;343205;829
128867;344034;830
123563;344864;831
120800;345695;832
120526;346527;833
118351;347360;834
120783;348194;835
130202;349029;836
118441;349865;837
125786;350702;838
129715;351540;839
122971;352379;840
121095;353219;841
120883;354060;842
125518;354902;843
131471;355745;844
122018;356589;845
124011;357434;846
121720;358280;847
119739;359127;848
126931;359975;849
133099;360824;850
132042;361674;851
131397;362525;852
129104;363377;853
124474;364230;854
125783;365084;855
127090;365939;856
133788;366795;857
122462;367652;858
131828;368510;859
129662;369369;860
139626;370229;861
127265;371090;862
125739;371952;863
136081;372815;864
136981;373679;865
135365;374544;866
130932;375410;867
142067;376277;868
133468;377145;869
127294;378014;870
129843;378884;871
136404;379755;872
143638;380627;873
135663;381500;874
137474;382374;875
130882;383249;876
133953;384125;877
130454;385002;878
135457;385880;879
141602;386759;880
141928;387639;881
137216;388520;882
129366;389402;883
131955;390285;884
137068;391169;885
126874;392054;886
140745;392940;887
137173;393827;888
142568;394715;889
139746;395604;890
145324;396494;891
142371;397385;892
143916;398277;893
138947;399170;894
143636;400064;895
145875;400959;896
142740;401855;897
140513;402752;898
154804;403650;899
143257;404549;900
146165;405449;901
135531;406350;902
144110;407252;903
135429;408155;904
149483;409059;905
140822;409964;906
147928;410870;907
149652;411777;908
149678;412685;909
143546;413594;910
147323;414504;911
145089;415415;912
152831;416327;913
153209;417240;914
147677;418154;915
150477;419069;916
149136;419985;917
151801;420902;918
151681;421820;919
151301;422739;920
146717;423659;921
153107;424580;922
159681;425502;923
149775;426425;924
147302;427349;925
158123;428274;926
148562;429200;927
157089;430127;928
147785;431055;929
147518;431984;930
156879;432914;931
155122;433845;932
164427;434777;933
157333;435710;934
155219;436644;935
165592;437579;936
148435;438515;937
148884;439452;938
157642;440390;939
155829;441329;940
160980;442269;941
166827;443210;942
149868;444152;943
161226;445095;944
154818;446039;945
163347;446984;946
162013;447930;947
165740;448877;948
156968;449825;949
161839;450774;950
160133;451724;951
161874;452675;952
162016;453627;953
162488;454580;954
150246;455534;955
162296;456489;956
166716;457445;957
164005;458402;958
167081;459360;959
159119;460319;960
168217;461279;961
159163;462240;962
162072;463202;963
164550;464165;964
151543;465129;965
165136;466094;966
160353;467060;967
167622;468027;968
169353;468995;969
154406;469964;970
161123;470934;971
172110;471905;972
165029;472877;973
166363;473850;974
169610;474824;975
169529;475799;976
167063;476775;977
167205;477752;978
165303;478730;979
165872;479709;980
163952;480689;981
176616;481670;982
166031;482652;983
165357;483635;984
174013;484619;985
170938;485604;986
171279;486590;987
173711;487577;988
170641;488565;989
173771;489554;990
173231;490544;991
179522;491535;992
184015;492527;993
178658;493520;994
168592;494514;995
175146;495509;996
180606;496505;997
176981;497502;998
174428;498500;999
170080;499499;1000
178004;500499;1001
